chi2=20.6396	NDF=67
par0=0.999918	err0=3.15089e-05
par1=0.691843	err1=0.0677941
par2=-0.785042	err2=0.0408325
par3=0.0352768	err3=0.0727896
par4=0.449521	err4=0.184963
HFEnergy4
chi2=47.5504	NDF=95
par0=0.999887	err0=3.22889e-05
par1=0.5	err1=0
par2=-2.39395	err2=0.148484
par3=0.373215	err3=0.015209
par4=0.550851	err4=0.0110716
HFEnergyPlus
chi2=13.7038	NDF=53
par0=0.999929	err0=2.744e-05
par1=0.284	err1=0.0319319
par2=-2.25636	err2=0.587122
par3=0.264114	err3=0.0546756
par4=0.951221	err4=0.0528559
HFEnergyPlus4
