chi2=60.6082	NDF=77
par0=0.999884	err0=2.66721e-05
par1=0.292189	err1=0.0280325
par2=-1.96293	err2=0.25097
par3=0.159027	err3=0.0131334
par4=0.542498	err4=0.0175917
HFEnergy4
chi2=47.7445	NDF=94
par0=0.999833	err0=3.44881e-05
par1=0.463521	err1=0.0223403
par2=-2.83137	err2=0.0321675
par3=0.104161	err3=0.00379825
par4=0.423709	err4=0.00996342
HFEnergyPlus
chi2=13.931	NDF=59
par0=0.999777	err0=3.72264e-05
par1=3.1044	err1=9.52373
par2=-9.11791	err2=6.27347
par3=0.0770547	err3=0.0044098
par4=0.746251	err4=0.0247145
HFEnergyPlus4
Ntrk
