chi2=91.0838	NDF=48
par0=0.999874	err0=2.86702e-05
par1=0.551291	err1=0.0217248
par2=-1.94346	err2=0.112455
par3=0.24128	err3=0.0158188
par4=0.551421	err4=0.0145616
HFEnergy4
chi2=186.943	NDF=48
par0=0.999792	err0=3.49626e-05
par1=1.06381	err1=0.0121832
par2=-4.64629	err2=0.125252
par3=0.168927	err3=0.00493248
par4=0.429994	err4=0.00855536
HFEnergyPlus
chi2=83.3907	NDF=48
par0=0.999766	err0=4.05454e-05
par1=0.490027	err1=0.012449
par2=-11.4486	err2=0.496537
par3=0.124835	err3=0.00329458
par4=0.770398	err4=0.0152258
HFEnergyPlus4
